1348827906 2229
1443734662 6
1443734895 6
1443797806 11
1444140496 28
1444742500 234
1444743145 242
1446223932 251
1447367946 251
1447368422 540
1447430512 552
1448281284 553
1448282161 552
1448282416 553
1448588022 717
1448588067 717
1448588202 1150
1449244286 1159
1453468135 1963
1453468212 1971
1453824370 2144
1454677988 3176
1455102026 2122
1458312794 3195
1458313074 3207
1458913820 3211
1460123205 3216
1460123211 2217
1460123913 2219
1460731719 2271
1461323776 2317
1461323856 2337
1461324079 2295
1461332268 2364
1461332700 2407
1461332804 2407
1461333604 2407
1463738370 2379
1463738559 2122
1463739836 2354
1463740511 2353
1463741916 2355
1463757229 2262
1464339976 2262
1464341578 2401
1464348454 2440
